HDR|000001|20170608|6.5       |2.5       |45915 |000003|
000001|20170608|0001|1|1|108| | | |3| | | | |S| |N| | | | | |Y| |214010|RC1      |214010|RC1      |000000|         |000000|         |000000|         |214232|RC1      |215142|RC1      |000000|         |000000|         |000000|         |000000|         |000000|         |000000|         |000000|         |000000|         |000000|         |000000|         |000000|         |000000|         |000000|         |6128126835000|000001|0015|0000| | |                    ||    | |000000|00000000000|00000000000|00000000000|00000000000|N|    | |000000|00000000000|00000000000|00000000000|00000000000|N|| ||1|0|N|N|0|0|X|00000000000|00000000128|00000000000|00000000000|00000000000|00000000000|00000001549|00000000000|00000000000|00000000000|00000000000|00000000000|00000000000|6128126835|000000|000000|RC1      |00||||| |n/a|||2||0|0|60|0|0|
000001|20170608|0001|2|000001|P | 001|L | 060|P | 015|VL| 139|VL| 139|S | 010|000001|W|00| |00000001549|00000001549|    | |000000|00000000000|00000000000|00000000000|00000000000|N|    | |000000|00000000000|00000000000|00000000000|00000000000|N|00000000000|00000000000|00000000000|00000000000|00000000000|00000000000|00000000000|00000000000|00000000000| |N| | | | | | | | | | |0|0|0|0|0| |N|0||
000001|20170608|0001|5|DEADBEEF100530303030303156C33959|DEADBEEF100530303030303147BA1D59|
000001|20170608|0001|7|0|100|001677|
000001|20170608|0002|1|1|108| | | |3| | | | |S| |A| | | | | |Y| |214445|RC1      |214445|RC1      |000000|         |000000|         |000000|         |000000|         |215209|RC1      |000000|         |000000|         |000000|         |000000|         |000000|         |000000|         |000000|         |000000|         |000000|         |000000|         |000000|         |000000|         |000000|         |6128126835000|000001|0015|0000| | |323232323           |RANJAN|    | |000000|00000000000|00000000000|00000000000|00000000000|N|    | |000000|00000000000|00000000000|00000000000|00000000000|N|| ||1|0|N|N|0|0|X|00000000000|00000000000|00000000000|00000000000|00000000000|00000000000|00000003147|00000000000|00000000000|00000000000|00000000000|00000000000|00000000000|6128126835|000000|000000|RC1      |00||||| |n/a|||2||0|0|114|0|0|
000001|20170608|0002|2|000001|P | 001|L | 060|H | 020|C | 038|C | 038|S | 010|000003|W|00| |00000003147|00000003147|    | |000000|00000000000|00000000000|00000000000|00000000000|N|    | |000000|00000000000|00000000000|00000000000|00000000000|N|00000000000|00000000000|00000000000|00000000000|00000000000|00000000000|00000000000|00000000000|00000000000| |A| | | | | | | | | | |0|0|0|0|0| |N|0||
000001|20170608|0002|5|DEADBEEF100530303030303158C33959|DEADBEEF100530303030303147BA1D59|
000001|20170608|0002|7|0|100|003147|
000001|20170608|0003|1|1|108| | | |3| | | | |S| |N| | | | | |Y| |215008|RC1      |215008|RC1      |000000|         |000000|         |000000|         |000000|         |215058|RC1      |000000|         |000000|         |000000|         |000000|         |000000|         |000000|         |000000|         |000000|         |000000|         |000000|         |000000|         |000000|         |000000|         |9723181888000|000001|0015|0000| | |                    ||    | |000000|00000000000|00000000000|00000000000|00000000000|N|    | |000000|00000000000|00000000000|00000000000|00000000000|N|| ||1|0|N|N|0|0|X|00000000000|00000000070|00000000000|00000000000|00000000000|00000000000|00000000849|00000000000|00000000000|00000000000|00000000000|00000000000|00000000000|9723181888|000000|000000|RC1      |00||||| |n/a|||2||0|0|29|0|0|
000001|20170608|0003|2|000001|P | 001|M | 050|P | 015|C | 038|C | 038|S | 010|000001|W|00| |00000000849|00000000849|    | |000000|00000000000|00000000000|00000000000|00000000000|N|    | |000000|00000000000|00000000000|00000000000|00000000000|N|00000000000|00000000000|00000000000|00000000000|00000000000|00000000000|00000000000|00000000000|00000000000| |N| | | | | | | | | | |0|0|0|0|0| |N|0||
000001|20170608|0003|5|DEADBEEF10053030303030315CC33959|DEADBEEF10053030303030315DC33959|
000001|20170608|0003|7|0|100|000919|
